[gd_scene load_steps=23 format=3 uid="uid://8qpiby04swu4"]

[ext_resource type="PackedScene" uid="uid://bwuxxa4qu02xr" path="res://Scenes/3D/player_3d.tscn" id="1_afr3w"]
[ext_resource type="PackedScene" uid="uid://q3qwefhialmo" path="res://Scenes/3D/cubicale/office_cubicle_white_05.tscn" id="2_agnrc"]
[ext_resource type="PackedScene" uid="uid://bgwshlvax2k76" path="res://Scenes/3D/cubicale/office_cubicle_white_04.tscn" id="3_uuk2p"]
[ext_resource type="PackedScene" uid="uid://dw1w6bw76tu7v" path="res://Scenes/3D/objects/office_misc_console_game_qoob.tscn" id="4_5fn7h"]
[ext_resource type="PackedScene" uid="uid://cwl022naufe6m" path="res://Scenes/3D/cubicale/office_cubicle_white_01.tscn" id="4_g1gpj"]
[ext_resource type="PackedScene" uid="uid://w31x1d3lfdg0" path="res://Scenes/3D/objects/office_misc_console_game_qoob_remote.tscn" id="5_1yfn7"]
[ext_resource type="PackedScene" uid="uid://bbbvrwvasgttg" path="res://Scenes/3D/cubicale/office_cubicle_piece_white_edge_04.tscn" id="5_xlhl2"]
[ext_resource type="PackedScene" uid="uid://botiqvy3fju61" path="res://Scenes/3D/objects/office_misc_console_swotch_01.tscn" id="6_jh3fr"]
[ext_resource type="PackedScene" uid="uid://cdlr6ecgelm7g" path="res://Scenes/3D/cubicale/office_cubicle_piece_white_edge_03.tscn" id="6_x2ucu"]
[ext_resource type="PackedScene" uid="uid://che6isamd7ttj" path="res://Scenes/3D/cubicale/office_cubicle_piece_white_edge_01.tscn" id="7_hrv1b"]
[ext_resource type="PackedScene" uid="uid://4nqrsji10mfv" path="res://Scenes/3D/objects/office_misc_console_swotch_02.tscn" id="7_lthmt"]
[ext_resource type="PackedScene" uid="uid://soarl28a5m8m" path="res://Scenes/3D/objects/office_misc_console_swotch_03.tscn" id="8_68333"]
[ext_resource type="PackedScene" uid="uid://b0kyv53lwnxg7" path="res://Scenes/3D/table/office_table_brown_2x_201.tscn" id="8_xd047"]
[ext_resource type="PackedScene" uid="uid://ce2ihscthjujk" path="res://Scenes/3D/table/office_table_white_3x_102.tscn" id="9_54st2"]
[ext_resource type="PackedScene" uid="uid://r2tbncu5bv0" path="res://Scenes/3D/objects/office_misc_console_swotch_04.tscn" id="9_j1dfx"]
[ext_resource type="PackedScene" uid="uid://cjvktmfss3cqa" path="res://Scenes/3D/objects/office_misc_console_woo_01.tscn" id="10_07ckg"]
[ext_resource type="PackedScene" uid="uid://bmv0jjolc3u5d" path="res://Scenes/3D/objects/office_misc_console_woo_03.tscn" id="11_mpu6h"]
[ext_resource type="PackedScene" uid="uid://cf0f7l0yb5jsl" path="res://Scenes/3D/objects/office_misc_fax.tscn" id="12_fwg2k"]

[sub_resource type="ProceduralSkyMaterial" id="ProceduralSkyMaterial_w4cfu"]
sky_horizon_color = Color(0.64625, 0.65575, 0.67075, 1)
ground_horizon_color = Color(0.64625, 0.65575, 0.67075, 1)

[sub_resource type="Sky" id="Sky_hqe70"]
sky_material = SubResource("ProceduralSkyMaterial_w4cfu")

[sub_resource type="Environment" id="Environment_qhwg5"]
background_mode = 2
sky = SubResource("Sky_hqe70")
tonemap_mode = 2
glow_enabled = true

[sub_resource type="ConvexPolygonShape3D" id="ConvexPolygonShape3D_27xrm"]
points = PackedVector3Array(0.286842, 0.2, 0.386842, -0.386842, 0, -0.286842, -0.386842, 0, 0.386842, 0.286842, -1.38778e-17, -0.286842, -0.386842, 0.2, -0.286842, 0.286842, -1.38778e-17, 0.386842, -0.386842, 0.2, 0.386842, 0.286842, 0.2, -0.286842)

[node name="Level" type="Node3D"]

[node name="player3D" parent="." instance=ExtResource("1_afr3w")]
transform = Transform3D(1, 0, 0, 0, 1, 0, 0, 0, 1, 0, 1.05194, 0)

[node name="WorldEnvironment" type="WorldEnvironment" parent="."]
environment = SubResource("Environment_qhwg5")

[node name="DirectionalLight3D" type="DirectionalLight3D" parent="."]
transform = Transform3D(-0.866023, -0.433016, 0.250001, 0, 0.499998, 0.866027, -0.500003, 0.749999, -0.43301, 0, 0, 0)
shadow_enabled = true

[node name="CSGBox3D" type="CSGBox3D" parent="."]
transform = Transform3D(1, 0, 0, 0, 1, 0, 0, 0, 1, 0, -0.888777, 0)
use_collision = true
collision_mask = 6
size = Vector3(1000, 1, 1000)

[node name="Objects" type="Node3D" parent="."]

[node name="OfficeTableBrown2x201" parent="Objects" instance=ExtResource("8_xd047")]
skeleton = NodePath("../..")

[node name="OfficeTableWhite3x102" parent="Objects" instance=ExtResource("9_54st2")]
transform = Transform3D(1, 0, 0, 0, 1, 0, 0, 0, 1, 1.32885, -0.388777, 3.18357)
skeleton = NodePath("../..")

[node name="OfficeMiscConsoleGameQoob" parent="Objects" instance=ExtResource("4_5fn7h")]

[node name="OfficeMiscConsoleGameQoobRemote" parent="Objects" instance=ExtResource("5_1yfn7")]

[node name="OfficeMiscConsoleSwotch01" parent="Objects" instance=ExtResource("6_jh3fr")]

[node name="OfficeMiscConsoleSwotch02" parent="Objects" instance=ExtResource("7_lthmt")]

[node name="OfficeMiscConsoleSwotch03" parent="Objects" instance=ExtResource("8_68333")]

[node name="OfficeMiscConsoleSwotch04" parent="Objects" instance=ExtResource("9_j1dfx")]

[node name="OfficeMiscConsoleWoo01" parent="Objects" instance=ExtResource("10_07ckg")]

[node name="OfficeMiscConsoleWoo03" parent="Objects" instance=ExtResource("11_mpu6h")]

[node name="StaticBody3D2" type="StaticBody3D" parent="Objects/OfficeMiscConsoleWoo03"]

[node name="CollisionShape3D" type="CollisionShape3D" parent="Objects/OfficeMiscConsoleWoo03/StaticBody3D2"]
shape = SubResource("ConvexPolygonShape3D_27xrm")

[node name="OfficeMiscFax" parent="Objects" instance=ExtResource("12_fwg2k")]

[node name="Structure" type="Node3D" parent="."]

[node name="OfficeCubicleWhite05" parent="Structure" instance=ExtResource("2_agnrc")]
transform = Transform3D(1, 0, 0, 0, 1, 0, 0, 0, 1, -6.13219, -0.394018, -6.53543)
skeleton = NodePath("../..")

[node name="OfficeCubicleWhite04" parent="Structure" instance=ExtResource("3_uuk2p")]
transform = Transform3D(0.0486754, 0, -0.998815, 0, 1, 0, 0.998815, 0, 0.0486754, 6.68864, -0.363196, -6.52276)
skeleton = NodePath("../..")

[node name="OfficeCubicleWhite01" parent="Structure" instance=ExtResource("4_g1gpj")]
transform = Transform3D(0.00731281, 0, 0.999973, 0, 1, 0, -0.999973, 0, 0.00731281, -6.6549, -0.368301, 2.5476)
skeleton = NodePath("../..")

[node name="OfficeCubiclePieceWhiteEdge04" parent="Structure" instance=ExtResource("5_xlhl2")]
transform = Transform3D(0.0099162, 8.00102e-05, 0.999951, -0.00146652, 0.999999, -6.54741e-05, -0.99995, -0.0014658, 0.00991631, -7.46011, -0.425623, 0.128779)
skeleton = NodePath("../..")

[node name="OfficeCubiclePieceWhiteEdge08" parent="Structure" instance=ExtResource("5_xlhl2")]
transform = Transform3D(-0.998348, -0.00146786, -0.0574391, -0.00146652, 0.999999, -6.54741e-05, 0.0574391, 1.88726e-05, -0.998349, -4.37178, -0.342887, 3.30956)
skeleton = NodePath("../..")

[node name="OfficeCubiclePieceWhiteEdge09" parent="Structure" instance=ExtResource("5_xlhl2")]
transform = Transform3D(-0.998348, -0.00146786, -0.0574391, -0.00146652, 0.999999, -6.54741e-05, 0.0574391, 1.88726e-05, -0.998349, -2.76516, -0.342887, 3.30956)
skeleton = NodePath("../..")

[node name="OfficeCubiclePieceWhiteEdge10" parent="Structure" instance=ExtResource("5_xlhl2")]
transform = Transform3D(-0.998348, -0.00146786, -0.0574391, -0.00146652, 0.999999, -6.54741e-05, 0.0574391, 1.88726e-05, -0.998349, -1.43887, -0.342887, 3.30956)
skeleton = NodePath("../..")

[node name="OfficeCubiclePieceWhiteEdge11" parent="Structure" instance=ExtResource("5_xlhl2")]
transform = Transform3D(-0.998348, -0.00146786, -0.0574391, -0.00146652, 0.999999, -6.54741e-05, 0.0574391, 1.88726e-05, -0.998349, -0.192695, -0.342887, 3.30956)
skeleton = NodePath("../..")

[node name="OfficeCubiclePieceWhiteEdge12" parent="Structure" instance=ExtResource("5_xlhl2")]
transform = Transform3D(-0.998348, -0.00146786, -0.0574391, -0.00146652, 0.999999, -6.54741e-05, 0.0574391, 1.88726e-05, -0.998349, 0.907548, -0.342887, 3.30956)
skeleton = NodePath("../..")

[node name="OfficeCubiclePieceWhiteEdge13" parent="Structure" instance=ExtResource("5_xlhl2")]
transform = Transform3D(-0.998348, -0.00146786, -0.0574391, -0.00146652, 0.999999, -6.54741e-05, 0.0574391, 1.88726e-05, -0.998349, 2.40377, -0.342887, 3.30956)
skeleton = NodePath("../..")

[node name="OfficeCubiclePieceWhiteEdge14" parent="Structure" instance=ExtResource("5_xlhl2")]
transform = Transform3D(-0.998348, -0.00146786, -0.0574391, -0.00146652, 0.999999, -6.54741e-05, 0.0574391, 1.88726e-05, -0.998349, 3.80533, -0.342887, 3.30956)
skeleton = NodePath("../..")

[node name="OfficeCubiclePieceWhiteEdge15" parent="Structure" instance=ExtResource("5_xlhl2")]
transform = Transform3D(-0.998348, -0.00146786, -0.0574391, -0.00146652, 0.999999, -6.54741e-05, 0.0574391, 1.88726e-05, -0.998349, 5.33498, -0.342887, 3.30956)
skeleton = NodePath("../..")

[node name="OfficeCubiclePieceWhiteEdge05" parent="Structure" instance=ExtResource("5_xlhl2")]
transform = Transform3D(0.0099162, 8.00102e-05, 0.999951, -0.00146652, 0.999999, -6.54741e-05, -0.99995, -0.0014658, 0.00991631, -7.46011, -0.425623, -1.35399)
skeleton = NodePath("../..")

[node name="OfficeCubiclePieceWhiteEdge06" parent="Structure" instance=ExtResource("5_xlhl2")]
transform = Transform3D(0.0099162, 8.00102e-05, 0.999951, -0.00146652, 0.999999, -6.54741e-05, -0.99995, -0.0014658, 0.00991631, -7.46011, -0.425623, -2.85509)
skeleton = NodePath("../..")

[node name="OfficeCubiclePieceWhiteEdge07" parent="Structure" instance=ExtResource("5_xlhl2")]
transform = Transform3D(0.0099162, 8.00102e-05, 0.999951, -0.00146652, 0.999999, -6.54741e-05, -0.99995, -0.0014658, 0.00991631, -7.46011, -0.425623, -4.44623)
skeleton = NodePath("../..")

[node name="OfficeCubiclePieceWhiteEdge03" parent="Structure" instance=ExtResource("6_x2ucu")]
transform = Transform3D(1, 0, 0, 0, 1, 0, 0, 0, 1, -4.17514, -0.4046, -7.35819)
skeleton = NodePath("../..")

[node name="OfficeCubiclePieceWhiteEdge16" parent="Structure" instance=ExtResource("6_x2ucu")]
transform = Transform3D(1, 0, 0, 0, 1, 0, 0, 0, 1, -3.11423, -0.4046, -7.35819)
skeleton = NodePath("../..")

[node name="OfficeCubiclePieceWhiteEdge17" parent="Structure" instance=ExtResource("6_x2ucu")]
transform = Transform3D(1, 0, 0, 0, 1, 0, 0, 0, 1, -2.2742, -0.4046, -7.35819)
skeleton = NodePath("../..")

[node name="OfficeCubiclePieceWhiteEdge18" parent="Structure" instance=ExtResource("6_x2ucu")]
transform = Transform3D(1, 0, 0, 0, 1, 0, 0, 0, 1, -1.32915, -0.4046, -7.35819)
skeleton = NodePath("../..")

[node name="OfficeCubiclePieceWhiteEdge19" parent="Structure" instance=ExtResource("6_x2ucu")]
transform = Transform3D(1, 0, 0, 0, 1, 0, 0, 0, 1, -0.254463, -0.4046, -7.35819)
skeleton = NodePath("../..")

[node name="OfficeCubiclePieceWhiteEdge20" parent="Structure" instance=ExtResource("6_x2ucu")]
transform = Transform3D(1, 0, 0, 0, 1, 0, 0, 0, 1, 0.800557, -0.4046, -7.35819)
skeleton = NodePath("../..")

[node name="OfficeCubiclePieceWhiteEdge21" parent="Structure" instance=ExtResource("6_x2ucu")]
transform = Transform3D(1, 0, 0, 0, 1, 0, 0, 0, 1, 1.85134, -0.4046, -7.35819)
skeleton = NodePath("../..")

[node name="OfficeCubiclePieceWhiteEdge22" parent="Structure" instance=ExtResource("6_x2ucu")]
transform = Transform3D(1, 0, 0, 0, 1, 0, 0, 0, 1, 3.31568, -0.4046, -7.35819)
skeleton = NodePath("../..")

[node name="OfficeCubiclePieceWhiteEdge23" parent="Structure" instance=ExtResource("6_x2ucu")]
transform = Transform3D(1, 0, 0, 0, 1, 0, 0, 0, 1, 4.51239, -0.4046, -7.35819)
skeleton = NodePath("../..")

[node name="OfficeCubiclePieceWhiteEdge01" parent="Structure" instance=ExtResource("7_hrv1b")]
transform = Transform3D(0.107809, 0, -0.994172, 0, 1, 0, 0.994172, 0, 0.107809, 4.41381, -0.312432, -4.28688)
skeleton = NodePath("../..")

[node name="OfficeCubiclePieceWhiteEdge02" parent="Structure" instance=ExtResource("7_hrv1b")]
transform = Transform3D(0.107809, 0, -0.994172, 0, 1, 0, 0.994172, 0, 0.107809, 4.56281, -0.312432, -2.94296)
skeleton = NodePath("../..")

[node name="OfficeCubiclePieceWhiteEdge24" parent="Structure" instance=ExtResource("7_hrv1b")]
transform = Transform3D(0.107809, 0, -0.994172, 0, 1, 0, 0.994172, 0, 0.107809, 4.56281, -0.312432, -1.67887)
skeleton = NodePath("../..")

[node name="OfficeCubiclePieceWhiteEdge25" parent="Structure" instance=ExtResource("7_hrv1b")]
transform = Transform3D(0.107809, 0, -0.994172, 0, 1, 0, 0.994172, 0, 0.107809, 4.56281, -0.312432, -0.513571)
skeleton = NodePath("../..")

[node name="OfficeCubiclePieceWhiteEdge26" parent="Structure" instance=ExtResource("7_hrv1b")]
transform = Transform3D(0.107809, 0, -0.994172, 0, 1, 0, 0.994172, 0, 0.107809, 4.56281, -0.312432, 0.634464)
skeleton = NodePath("../..")

[node name="OfficeCubiclePieceWhiteEdge27" parent="Structure" instance=ExtResource("7_hrv1b")]
transform = Transform3D(0.107809, 0, -0.994172, 0, 1, 0, 0.994172, 0, 0.107809, 4.56281, -0.312432, 1.46642)
skeleton = NodePath("../..")

[node name="OfficeCubiclePieceWhiteEdge28" parent="Structure" instance=ExtResource("7_hrv1b")]
transform = Transform3D(0.107809, 0, -0.994172, 0, 1, 0, 0.994172, 0, 0.107809, 4.56281, -0.312432, 2.24338)
skeleton = NodePath("../..")

[node name="OfficeCubiclePieceWhiteEdge29" parent="Structure" instance=ExtResource("7_hrv1b")]
transform = Transform3D(0.107809, 0, -0.994172, 0, 1, 0, 0.994172, 0, 0.107809, 4.56281, -0.312432, 3.21872)
skeleton = NodePath("../..")
